1 172.260315
2 171.788239
3 165.470703
4 166.955170
5 165.490784
6 165.555267
7 165.412964
8 165.488541
9 167.696365
10 167.296097
11 167.494049
12 167.716354
13 167.705231
14 168.231949
15 167.636337
16 167.711929
17 167.958710
18 167.707474
19 167.711929
20 167.703018
21 167.776398
22 197.251801
23 170.627548
24 169.322845
25 167.714142
26 168.607498
27 167.727463
28 168.351929
29 167.711899
30 168.347504
31 167.271683
32 168.431946
33 167.711899
34 168.378601
35 168.007507
36 170.000870
37 167.756409
38 168.514145
39 167.707489
40 168.385239
41 168.334152
42 168.300827
43 167.725250
44 167.718582
45 168.023010
46 166.918076
47 168.036377
48 168.031921
49 168.040802
50 168.011917
51 171.951965
52 167.725250
53 172.489807
54 177.399551
55 177.588577
56 167.631775
57 167.780823
58 167.687454
59 177.508499
60 175.492249
61 175.630096
62 171.407166
63 179.591385
64 168.540924
65 172.045685
66 177.544281
67 171.825729
68 171.945572
69 176.321411
70 178.086594
71 180.636841
72 179.544876
73 179.462738
74 178.585449
75 179.744690
76 182.073593
77 179.567093
78 180.836609
79 179.860138
80 181.525574
81 187.279099
82 179.678085
83 181.214447
84 179.726944
85 179.793533
86 179.842377
87 171.854584
88 179.664764
89 182.674362
90 184.007904
91 181.362503
92 174.303497
93 180.892502
94 181.201187
95 171.898972
96 171.861206
97 182.052124
98 190.785355
99 181.536346
100 179.862350
101 179.726929
102 181.292130
103 192.262329
104 201.302444
105 202.531448
106 203.019897
107 184.223160
108 181.994415
109 182.915817
110 182.158859
111 178.684052
112 182.167725
113 182.109985
114 186.789886
115 180.533722
116 180.871368
117 182.991058
118 189.868439
119 181.352173
120 180.442612
121 182.161041
122 181.124802
123 180.422531
124 182.034500
125 180.191635
126 182.340851
127 181.230835
128 183.495758
129 180.675812
130 179.918625
131 180.433716
132 182.240875
133 181.024612
134 208.477905
135 185.897873
136 193.907242
137 182.296661
138 180.305069
139 179.900696
140 180.442612
141 181.998871
142 180.537903
143 178.698029
144 180.646896
145 182.047714
146 198.710327
147 188.039993
148 182.420715
149 179.949677
150 180.240402
151 181.914520
152 182.151993
153 181.745758
154 181.878983
155 181.818832
156 180.946930
157 180.853943
158 181.867935
159 184.082596
160 202.569061
161 183.082550
162 182.180969
163 182.642609
164 182.236374
165 186.383255
166 181.803406
167 182.084747
168 181.049240
169 181.015808
170 179.424988
171 181.514114
172 181.445465
173 188.081635
174 183.378189
175 179.947067
176 181.172256
177 181.503036
178 178.843384
179 181.340973
180 179.660538
181 184.369644
182 182.233658
183 186.954834
184 180.967072
185 181.345444
186 182.096390
187 183.089142
188 181.085663
189 181.083435
190 181.054581
191 181.567413
192 181.496658
193 181.043472
194 179.928955
195 179.433929
196 182.489761
197 186.217194
198 185.011368
199 181.380920
200 179.451630
201 181.061264
202 178.963272
203 181.441132
204 179.978226
205 186.399063
206 188.592163
207 181.534439
208 186.378067
209 183.676804
210 181.083435
211 180.040588
212 181.520798
213 181.431992
214 184.473343
215 181.178909
216 179.806839
217 179.649216
218 182.198639
219 183.188812
220 187.044373
221 179.464966
222 180.726166
223 179.633652
224 185.142563
225 181.483276
226 179.720261
227 184.201370
228 192.537369
229 210.864365
230 209.044342
231 214.684494
232 204.661850
233 211.722260
234 181.414246
235 182.406845
236 181.259018
237 181.524948
238 181.007935
239 180.384796
240 182.574448
241 184.752304
242 181.103455
243 181.414230
244 179.500610
245 181.827164
246 179.744843
247 184.061111
248 183.131470
249 181.567459
250 182.220596
251 181.252518
252 181.083435
253 180.930450
254 181.380905
255 181.695984
256 181.776321
257 179.649216
258 186.188217
259 179.112015
260 181.669998
261 181.474167
262 181.034592
263 181.261047
264 181.376465
265 179.840118
266 181.796768
267 181.997314
268 182.011658
269 179.480438
270 179.855682
271 179.900116
272 179.660324
273 181.987732
274 182.301270
275 184.617920
276 182.230255
277 181.791641
278 181.958878
279 179.365051
280 179.631546
281 181.161148
282 179.731628
283 179.582611
284 180.269257
285 195.948883
286 202.917770
287 199.577850
288 203.548889
289 202.042053
290 181.067093
291 184.190353
292 184.603363
293 180.411682
294 181.363174
295 179.089798
296 179.171890
297 179.664749
298 181.547058
299 181.776260
300 180.686951
301 179.607056
302 181.143387
303 181.485138
304 180.990204
305 185.683533
306 181.201141
307 179.697876
308 182.446686
309 183.171753
310 179.888977
311 181.001068
312 181.565186
313 179.891251
314 181.267014
315 179.575943
316 179.926727
317 179.707062
318 180.095840
319 179.405029
320 184.262329
321 181.549667
322 179.462723
323 179.538223
324 180.773590
325 185.799133
326 181.285370
327 181.283203
328 181.829498
329 181.314560
330 181.466873
331 179.904526
332 179.620407
333 181.385681
334 181.618881
335 184.963120
336 179.456009
337 179.320663
338 179.085342
339 181.749466
340 182.020065
341 183.100372
342 181.387589
343 180.471664
344 179.604828
345 179.547165
346 183.192291
347 179.560379
348 181.669922
349 184.286713
350 181.121185
351 179.629211
352 180.075607
353 181.289886
354 181.185333
355 181.429031
356 195.722031
357 211.242340
358 186.929733
359 179.471603
360 181.153732
361 184.440125
362 181.652115
363 181.410172
364 181.132278
365 181.205582
366 179.034256
367 181.303375
368 181.514557
369 188.277374
370 182.556702
371 179.504929
372 179.622604
373 179.926727
374 184.915833
375 180.231461
376 185.510345
377 181.380920
378 180.983536
379 181.421036
380 179.722488
381 187.756592
382 179.955597
383 179.889267
384 179.784805
385 179.998032
386 181.078964
387 186.314758
388 181.420929
389 180.562561
390 184.631332
391 181.520782
392 179.493759
393 181.067871
394 181.863464
395 180.976059
396 181.580750
397 185.136581
398 179.876099
399 182.067795
400 183.747757
401 181.196686
402 179.584991
403 184.954849
404 183.352341
405 179.644775
406 181.527451
407 179.907043
408 182.821121
409 179.993347
410 179.744568
411 182.950058
412 182.956741
413 181.283417
414 181.383148
415 179.917908
416 180.615875
417 185.641113
418 178.730194
419 179.618103
420 179.467346
421 184.978180
422 179.749100
423 184.101273
424 180.444733
425 181.296585
426 179.678085
427 181.212234
428 181.180267
429 182.493286
430 181.463348
431 179.562653
432 181.525543
433 181.920410
434 182.267822
435 184.212524
436 181.121185
437 179.831558
438 179.567078
439 181.216599
440 179.575974
441 181.598785
442 183.955490
443 186.506882
444 181.618713
445 183.523041
446 183.277969
447 179.918350
448 184.788162
449 183.231537
450 181.138947
451 181.316528
452 183.354401
453 181.236664
454 181.232162
455 181.787750
456 179.535904
457 182.593628
458 181.492004
459 182.310822
460 181.836502
461 181.556625
462 181.305450
463 180.081238
464 182.316635
465 182.141022
466 181.480927
467 182.886948
468 181.321121
469 179.589371
470 182.963394
471 187.487534
472 181.582901
473 179.493774
474 180.916000
475 179.389511
476 182.458740
477 189.493561
478 190.932236
479 179.598129
480 179.738159
481 182.317703
482 188.842667
483 181.258835
484 181.431976
485 182.134430
486 258.252502
487 183.310059
488 179.813766
489 179.600388
490 269.690918
491 187.092468
492 179.762589
493 181.298767
494 266.255066
495 184.207092
496 180.340347
497 179.615891
498 196.122116
499 273.697449
500 181.287689
501 183.607834
502 181.655731
503 179.615967
504 271.477448
505 179.655869
506 179.827026
507 179.698090
508 182.360153
509 181.329041
510 273.463989
511 182.060989
512 186.109314
513 189.425415
514 187.302826
515 186.938293
516 187.380524
517 191.260864
518 187.400772
519 186.591660
520 298.933563
521 184.707458
522 188.040619
523 184.391846
524 187.191803
525 185.874069
526 187.176331
527 189.755997
528 186.633774
529 294.892120
530 187.276413
531 186.085037
532 293.384552
533 186.476181
534 186.360535
535 187.689453
536 189.578339
537 188.271515
538 186.597366
539 187.187088
540 186.564972
541 185.761139
542 184.587509
543 186.079025
544 186.649643
545 303.604492
546 306.832214
547 185.971741
548 188.169479
549 184.454041
550 189.851807
551 184.745255
552 187.271698
553 268.787415
554 188.438385
555 187.024918
556 187.995941
557 186.553955
558 186.591675
559 188.238205
560 187.069305
561 296.348450
562 220.069702
563 315.571747
564 186.493835
565 188.929413
566 187.685059
567 262.579315
568 186.113480
569 269.436218
570 185.314499
571 199.985611
572 202.023163
573 199.276657
574 200.254364
575 200.812012
576 322.138733
577 279.820190
578 279.230682
579 186.093475
580 191.126923
581 189.366608
582 185.738968
583 279.194397
584 186.074982
585 184.396271
586 186.764832
587 187.820572
588 273.716553
589 290.309174
590 185.852051
591 186.878159
592 186.106766
593 186.475632
594 186.762497
595 277.317261
596 186.713882
597 187.687042
598 191.906662
599 184.583084
600 187.722366
601 272.949127
602 191.132126
603 186.273529
604 186.622818
605 186.566757
606 186.414001
607 277.013824
608 195.346802
609 186.535690
610 188.373795
611 184.798462
612 188.465073
613 282.683411
614 189.298447
615 187.307251
616 184.580750
617 188.214081
618 186.831635
619 285.315857
620 186.484863
621 277.495911
622 188.111618
623 186.940613
624 185.971664
625 185.307816
626 187.725159
627 184.885147
628 185.329544
629 286.008270
630 184.411835
631 188.267380
632 316.304962
633 195.093506
634 282.291168
635 193.949127
636 281.489105
637 285.483215
638 276.997040
639 186.724991
640 186.147339
641 190.567230
642 186.209381
643 281.898865
644 187.464767
645 276.549896
646 270.431793
647 188.069122
648 186.487091
649 192.165146
650 276.925476
651 186.118530
652 270.735840
653 285.035950
654 288.827423
655 188.036346
656 184.840714
657 187.238037
658 270.104889
659 189.909286
660 262.358887
661 187.464935
662 186.989243
663 197.006943
664 263.021332
665 187.607071
666 188.015778
667 186.542542
668 186.351654
669 265.243225
670 279.316711
671 186.703690
672 278.267731
673 188.962662
674 184.816422
675 186.580765
676 188.162735
677 195.306946
678 185.138458
679 222.078842
680 275.174316
681 186.780014
682 190.433777
683 273.314514
684 257.209320
685 194.076141
686 187.766891
687 187.884827
688 272.413605
689 198.020370
690 187.355988
691 341.192474
692 265.835876
693 224.995789
694 189.684525
695 271.727051
696 198.567017
697 326.745697
698 268.292725
699 191.548889
700 279.759186
701 187.313248
702 198.157623
703 191.080338
704 377.253937
705 265.958374
706 271.790039
707 188.084427
708 267.333801
709 190.520813
710 187.240860
711 327.474792
712 266.070648
713 352.120392
714 270.568726
715 184.987579
716 272.733704
717 281.834534
718 269.379456
719 186.149506
720 186.844345
721 268.622742
722 269.644287
723 387.034454
724 340.650482
725 356.292053
726 185.487411
727 263.588318
728 190.695480
729 270.095886
730 189.507812
731 278.001465
732 204.426483
733 329.730682
734 321.017639
735 377.443634
736 270.004303
737 195.192581
738 360.668915
739 271.140411
740 270.924286
741 270.594910
742 187.428833
743 268.666077
744 321.394165
745 191.567139
746 270.909485
747 440.383942
748 252.776031
749 186.491226
750 268.333710
751 269.282745
752 270.690491
753 418.368866
754 273.490906
755 331.872009
756 236.187424
757 186.136139
758 271.715515
759 184.882874
760 267.237915
761 185.307281
762 269.002472
763 361.559448
764 318.829987
765 400.233185
766 276.456177
767 394.507477
768 187.084503
769 186.988785
770 187.095688
771 379.600952
772 306.026367
773 189.208817
774 188.993515
775 267.528259
776 186.389023
777 337.303467
778 185.140717
779 270.321564
780 185.878357
781 381.542938
782 270.150452
783 188.729111
784 265.504395
785 185.109573
786 270.809448
787 188.458511
788 349.703827
789 295.975952
790 271.799072
791 333.649719
792 187.095703
793 187.146881
794 185.260681
795 276.101562
796 274.299408
797 184.900742
798 194.615814
799 191.380569
800 191.649734
801 395.330536
802 266.795044
803 275.375183
804 187.588852
805 268.579224
806 272.903900
807 268.489105
808 289.310181
809 287.205200
810 266.203400
811 284.309021
812 259.573822
813 185.838409
814 269.949585
815 272.821228
816 267.309570
817 186.665192
818 264.033813
819 267.405823
820 265.305878
821 266.020538
822 186.811295
823 272.243408
824 186.339981
825 271.925964
826 285.363495
827 285.775604
828 192.196045
829 191.198090
830 262.802490
831 183.946732
832 266.080444
833 186.982346
834 270.320129
835 266.547943
836 264.699219
837 266.746948
838 197.733566
839 280.772461
840 265.012421
841 271.625702
842 271.924835
843 268.339935
844 271.635773
845 191.133667
846 189.151520
847 269.563538
848 269.802673
849 195.108871
850 205.381226
851 188.779114
852 266.961243
853 275.970367
854 274.223633
855 269.977936
856 267.421844
857 265.400269
858 274.872284
859 188.578354
860 284.452118
861 271.705383
862 188.818085
863 195.737869
864 293.518982
865 272.384827
866 291.129822
867 273.072388
868 187.190460
869 267.881500
870 188.373642
871 283.748016
872 271.513824
873 266.604004
874 190.304382
875 272.118683
876 268.391083
877 299.038544
878 186.825226
879 196.767242
880 282.513519
881 272.971893
882 281.954132
883 308.882996
884 273.361359
885 297.241241
886 265.300201
887 278.082367
888 185.854446
889 186.181122
890 279.091156
891 184.594025
892 276.513550
893 272.353546
894 299.594879
895 282.797668
896 185.091919
897 297.430084
898 268.426880
899 299.641327
900 273.765717
901 184.762924
902 275.894104
903 285.833771
904 296.073334
905 293.421265
906 304.896698
907 184.654022
908 187.300446
909 268.742645
910 272.338470
911 187.080566
912 274.624603
913 296.870026
914 266.517029
915 274.489349
916 268.109375
917 185.393982
918 331.948792
919 273.425568
920 185.071777
921 290.750000
922 275.011475
923 268.604706
924 283.253906
925 272.703522
926 299.427765
927 226.634369
928 274.027618
929 284.009247
930 273.339447
931 265.743469
932 205.515320
933 195.704666
934 237.966110
935 203.591125
936 234.333313
937 221.038971
938 281.207825
939 280.281067
940 189.227814
941 210.777298
942 280.492584
943 214.490967
944 190.989304
945 241.386810
946 280.978302
947 191.167282
948 281.358978
949 247.045990
950 273.932373
951 189.135544
952 216.574966
953 245.735977
954 275.881256
955 281.500427
956 189.444778
957 273.388153
958 196.218628
959 196.144547
960 228.528275
961 287.434906
962 286.538757
963 227.642456
964 247.495270
965 270.870117
966 229.267532
967 262.080902
968 186.849472
969 193.906998
970 235.421432
971 227.138138
972 198.982178
973 189.913864
974 268.556519
975 253.158783
976 233.279907
977 234.560623
978 307.558807
979 189.218246
980 216.071823
981 222.533020
982 247.650162
983 189.183319
984 197.571640
985 239.763336
986 214.634720
987 256.583588
988 195.101074
989 210.395828
990 255.363647
991 257.672668
992 247.049942
993 266.899506
994 235.787003
995 263.178375
996 197.900635
997 188.127197
998 205.160324
999 211.476135
1000 233.314484
1001 222.744705
1002 250.138611
1003 233.243378
1004 257.848419
1005 335.445465
1006 300.863800
1007 225.603424
1008 213.223923
1009 242.139374
1010 305.546661
1011 273.087036
1012 307.054260
1013 218.097092
1014 272.247101
1015 187.209412
1016 242.278458
1017 273.415222
1018 316.339844
1019 257.458801
1020 207.616608
1021 237.154175
1022 208.724991
1023 252.907913
1024 309.003387
1025 244.224762
1026 250.681168
1027 223.483490
1028 187.718307
1029 234.831696
1030 258.281189
1031 231.903427
1032 230.980194
1033 247.390533
1034 233.625366
1035 229.381470
1036 206.640198
1037 212.138062
1038 202.682983
1039 206.715012
1040 248.205887
1041 243.118240
1042 244.990005
1043 233.488327
1044 287.621185
1045 246.479218
1046 208.189880
1047 217.360504
1048 286.941406
1049 217.835358
1050 193.058121
1051 252.659958
1052 283.304260
1053 276.593872
1054 250.557861
1055 290.997803
1056 216.314926
1057 246.734360
1058 218.283615
1059 197.926941
1060 239.098770
1061 265.620209
1062 232.741180
1063 189.022903
1064 331.321106
1065 270.910370
1066 256.777008
1067 272.443512
1068 253.714630
1069 222.815048
1070 233.690018
1071 267.306335
1072 230.792511
1073 250.187744
1074 238.840973
1075 254.740067
1076 218.480835
1077 190.714111
1078 259.683624
1079 256.334503
1080 247.485672
1081 197.956558
1082 331.017181
1083 473.085327
1084 326.115692
1085 328.616730
1086 262.923035
1087 290.223846
1088 351.159607
1089 418.410767
1090 379.739349
1091 237.038651
1092 273.711853
1093 244.170746
1094 203.316284
1095 307.961823
1096 200.734344
1097 246.461029
1098 244.458923
1099 260.014618
1100 213.177994
1101 247.753220
1102 193.711548
1103 194.674057
1104 219.785248
1105 278.967651
1106 240.547256
1107 293.868530
1108 269.316254
1109 249.637299
1110 244.247971
1111 241.399200
1112 303.232208
1113 228.035767
1114 287.893280
1115 254.498306
1116 260.043488
1117 212.144592
1118 243.315857
1119 384.019745
1120 257.496643
1121 269.325531
1122 236.533920
1123 292.561005
1124 226.142822
1125 234.799866
1126 290.527344
1127 290.800781
1128 253.674515
1129 236.279785
1130 247.879089
1131 288.160034
1132 234.516724
1133 312.344421
1134 190.127335
1135 235.849655
1136 262.029663
1137 331.043213
1138 271.695862
1139 327.436188
1140 249.660309
1141 267.594604
1142 236.578613
1143 237.368790
1144 245.011780
1145 207.932510
1146 225.271713
1147 213.788559
1148 298.146881
1149 233.670334
1150 309.382141
1151 261.265686
1152 258.539368
1153 268.728119
1154 198.742859
1155 250.067230
1156 256.252228
1157 239.178894
1158 215.169998
1159 317.878540
1160 275.107910
1161 258.413666
1162 288.224060
1163 263.087585
1164 226.929230
1165 195.809723
1166 263.023224
1167 286.105316
1168 254.179047
1169 256.752319
1170 244.369019
1171 248.278000
1172 268.887726
1173 193.331451
1174 280.422485
1175 230.394882
1176 281.509949
1177 209.191269
1178 261.205566
1179 216.293213
1180 251.051788
1181 221.515274
1182 272.808136
1183 190.480499
1184 267.781006
1185 277.132385
1186 234.393784
1187 256.645508
1188 256.882935
1189 208.418320
1190 266.166199
1191 253.552582
1192 346.281586
1193 217.960556
1194 295.309906
1195 235.418732
1196 192.487015
1197 331.096710
1198 256.050323
1199 248.867462
