0 118.220963
1 413.420135
2 353.783325
3 227.268707
4 165.314941
5 166.626648
6 163.913345
7 186.501572
8 164.279999
9 166.836685
10 177.476486
11 187.490036
12 178.061813
13 168.716690
14 163.926727
15 177.309891
16 187.186600
17 164.688354
18 166.021591
19 178.010010
20 186.584854
21 164.718292
22 166.930084
23 177.516693
24 166.131638
25 165.571640
26 186.723389
27 165.673233
28 178.101791
29 191.680054
30 193.539566
31 175.774979
32 186.466705
33 164.241592
34 165.925018
35 163.788315
36 165.075027
37 164.066650
38 164.949997
39 163.451645
40 165.978302
41 163.236679
42 166.523407
43 176.344925
44 163.623276
45 175.975052
46 166.406723
47 171.026703
48 187.675034
49 190.955063
50 199.274887
51 245.311783
52 162.650055
53 163.831619
54 175.255081
55 163.065018
56 164.453354
57 163.288300
58 176.581619
59 174.601608
60 189.216461
61 177.768341
62 164.296692
63 162.783020
64 185.309799
65 177.155090
66 178.856720
67 181.108383
68 233.350494
69 163.903336
70 200.246826
71 176.690308
72 180.106567
73 176.313507
74 199.037979
75 165.100113
76 165.870010
77 176.971802
78 177.146667
79 177.688553
80 190.643570
81 178.308304
82 188.870056
83 247.853821
84 378.143280
85 176.466904
86 175.843521
87 198.306885
88 176.533691
89 177.070129
90 189.901642
91 201.063431
92 176.473602
93 197.600388
94 189.641891
95 178.546768
96 219.540756
97 176.963364
98 177.450211
99 175.820160
100 178.455170
101 176.371811
102 178.913101
103 176.985046
104 178.403427
105 176.426926
106 177.351944
107 177.431763
108 175.525192
109 227.669937
110 175.700134
111 178.235031
112 188.616714
113 195.303391
114 227.030304
115 180.621719
116 200.775055
117 203.829895
118 203.263519
119 352.114166
120 176.200211
121 188.933746
122 176.838699
123 176.278534
124 177.863525
125 175.991714
126 176.205200
127 177.296814
128 177.063599
129 177.281891
130 201.299911
131 223.293533
132 258.893402
133 223.766846
134 232.980194
135 176.133530
136 178.003387
137 175.826813
138 197.510056
139 175.930176
140 178.691956
141 207.187195
142 176.499985
143 178.426773
144 176.858459
145 199.117004
146 177.013535
147 188.427063
148 179.501770
149 199.555237
150 177.419907
151 177.355286
152 180.121185
153 175.720337
154 176.508514
155 176.723328
156 177.731750
157 175.776855
158 198.206161
159 177.978378
160 177.683334
161 177.663330
162 176.166794
163 197.522171
164 180.241608
165 179.743469
166 201.826782
167 184.405243
168 175.845215
169 177.935120
170 176.338562
171 176.841904
172 193.315308
173 250.391724
174 271.891693
175 209.803528
176 176.501923
177 180.040054
178 177.691833
179 177.825119
180 178.208481
181 177.035217
182 179.703384
183 180.508423
184 192.776535
185 190.477081
186 179.214859
187 175.421890
188 177.056870
189 176.395187
190 176.301651
191 177.854904
192 178.198196
193 190.751801
194 179.540802
195 175.988510
196 177.013565
197 175.639862
198 175.435257
199 176.673477
200 177.773300
201 177.431778
202 178.075134
203 188.737015
204 197.568466
205 193.951782
206 176.120300
207 200.401825
208 189.685242
209 212.988525
210 245.773590
211 198.685394
212 199.198730
213 177.786636
214 176.317017
215 191.005173
216 204.238632
217 177.955063
218 175.271759
219 177.496841
220 176.065186
221 176.566833
222 190.365341
223 177.633499
224 175.801849
225 177.931595
226 175.570267
227 176.673615
228 176.775101
229 175.995178
230 177.741638
231 175.791809
232 180.775146
233 176.040268
234 175.958405
235 176.147079
236 176.165283
237 176.776901
238 177.759995
239 176.118591
240 176.405228
241 176.826767
242 182.736771
243 176.168549
244 866.399170
245 177.365005
246 177.996964
247 177.391785
248 175.905090
249 181.748352
250 175.650223
251 177.236862
252 176.200241
253 176.815125
254 176.381851
255 175.868286
256 177.825073
257 176.221817
258 185.918167
259 203.966110
260 219.010803
261 176.238617
262 176.906876
263 177.350037
264 177.105118
265 179.995239
266 175.581879
267 176.438446
268 176.620178
269 176.155151
270 176.106995
271 176.830109
272 177.459946
273 177.125092
274 176.172028
275 203.913864
276 176.213577
277 200.284607
278 175.498627
279 175.548370
280 177.989975
281 175.231842
282 177.911713
283 176.043518
284 175.987106
285 196.313812
286 177.425140
287 210.711716
288 264.133148
289 175.680222
290 175.633636
291 177.700104
292 176.816833
293 176.528549
294 175.420105
295 177.723358
296 175.841858
297 177.401901
298 186.421280
299 179.446747
300 181.376907
301 181.584946
302 176.650208
303 177.055267
304 176.468369
305 177.336731
306 184.036819
307 176.893494
308 201.679474
309 177.505142
310 177.010223
311 177.305145
312 176.295380
313 220.396744
314 209.056076
315 175.770233
316 175.855164
317 177.405167
318 177.546661
319 177.163361
320 177.603363
321 177.451706
322 175.301697
323 177.865067
324 176.966599
325 181.861801
326 188.771591
327 177.653397
328 175.751877
329 177.115082
330 188.656921
331 183.586761
332 191.568527
333 177.300064
334 177.311829
335 180.260178
336 178.158310
337 180.420105
338 217.055801
339 187.108643
340 175.275131
341 175.385361
342 175.315079
343 197.596985
344 175.633438
345 198.216919
346 177.358307
347 176.265137
348 176.298492
349 178.288315
350 186.566956
351 176.306839
352 175.646851
353 176.606812
354 175.905289
355 178.035049
356 175.701843
357 177.723450
358 177.161743
359 180.011841
360 179.566696
361 177.708450
362 192.686493
363 265.133759
364 188.720413
365 176.235123
366 176.793274
367 176.158615
368 176.071915
369 176.843414
370 177.421799
371 175.865219
372 196.160141
373 177.536606
374 210.520538
375 183.429810
376 176.076828
377 175.503540
378 177.543594
379 177.180069
380 177.061768
381 175.751816
382 177.275589
383 175.981903
384 180.791962
385 179.791611
386 176.601898
387 176.443573
388 177.361893
389 176.677063
390 176.513474
391 176.505310
392 189.225067
393 177.585190
394 175.805023
395 177.825134
396 292.569946
397 176.256897
398 177.626526
399 177.233459
400 176.340103
401 176.040161
402 176.301910
403 177.073624
404 175.483551
405 190.167038
406 175.718643
407 177.203293
408 191.003845
409 177.976593
410 177.255051
411 191.093735
412 177.705002
413 174.961823
414 176.838531
415 175.845154
416 176.003326
417 212.642761
418 188.406677
419 175.580185
420 177.759979
421 177.136765
422 176.585739
423 177.058289
424 175.383423
425 176.480072
426 175.700241
427 175.698547
428 177.186813
429 189.447617
430 176.776718
431 178.672089
432 178.715149
433 176.918625
434 177.404770
435 201.643661
436 208.849960
437 233.348907
438 175.857071
439 175.860229
440 178.625168
441 179.338394
442 177.065170
443 176.085175
444 177.691849
445 176.268524
446 207.891968
447 177.994949
448 176.490189
449 176.863297
450 179.286896
451 177.093369
452 177.001816
453 179.068466
454 178.264908
455 175.450104
456 227.243332
457 191.760422
458 176.958618
459 176.515259
460 176.224762
461 176.838303
462 177.529984
463 175.838531
464 176.776581
465 179.221802
466 196.663498
467 194.636688
468 176.610184
469 176.816818
470 175.676849
471 177.400040
472 176.665115
473 180.296570
474 178.623337
475 175.736740
476 176.327438
477 176.731934
478 177.774902
479 176.148468
480 176.911713
481 177.471603
482 183.483215
483 214.156708
484 176.896759
485 176.781616
486 175.956894
487 177.320312
488 177.110367
489 176.413589
490 176.360184
491 198.225418
492 178.920212
493 180.098450
494 195.444275
495 176.821671
496 176.170151
497 177.525177
498 180.908112
499 227.599136
500 196.540344
501 178.926590
502 179.488373
503 216.547043
504 179.315186
505 184.725143
506 597.353882
507 176.543549
508 180.352112
509 488.977844
510 181.275375
511 176.461868
512 214.173950
513 177.223297
514 192.406937
515 192.798599
516 178.528580
517 176.936844
518 216.926804
519 176.353577
520 175.443542
521 202.161880
522 177.863632
523 176.986771
524 304.669556
525 181.335190
526 175.878418
527 179.198471
528 176.875061
529 175.690140
530 181.566681
531 211.707077
532 177.131638
533 200.690582
534 175.668518
535 177.961853
536 187.691925
537 186.751740
538 182.068436
539 188.401428
540 178.293381
541 177.023376
542 177.326859
543 209.013397
544 193.663467
545 176.089874
546 175.986755
547 177.016098
548 177.393448
549 176.819977
550 178.758255
551 189.983963
552 177.278519
553 206.257324
554 178.643616
555 188.115387
556 178.540146
557 177.621613
558 191.690140
559 178.415207
560 180.418396
561 188.118393
562 175.700363
563 177.191818
564 178.880508
565 176.605270
566 197.208176
567 177.826874
568 181.228378
569 181.161880
570 176.037384
571 177.068604
572 230.857132
573 179.221878
574 178.451706
575 190.045151
576 176.176773
577 180.513443
578 191.530609
579 181.884979
580 211.775558
581 175.805054
582 178.826874
583 306.015442
584 186.443604
585 180.015671
586 177.423676
587 178.320053
588 182.558563
589 188.150253
590 180.313614
591 182.548447
592 185.470200
593 435.032196
594 194.592026
595 184.003555
596 182.065262
597 181.396835
598 192.863586
599 181.358521
600 304.640015
601 189.528259
602 199.225174
603 181.483566
604 183.423050
605 182.923935
606 183.715942
607 187.548584
608 195.285461
609 183.020752
610 215.381668
611 180.355301
612 190.490311
613 181.497025
614 182.591782
615 180.165283
616 218.973679
617 194.300446
618 181.766647
619 208.821609
620 179.173721
621 182.931747
622 177.233200
623 177.448456
624 182.863541
625 226.032394
626 181.860245
627 176.173523
628 192.565338
629 180.091782
630 184.094864
631 219.358475
632 276.066406
633 212.148911
634 213.453781
635 279.123444
636 206.425583
637 491.081421
638 181.463135
639 194.990677
640 218.435776
641 267.811401
642 185.191833
643 177.631622
644 198.004517
645 335.641022
646 185.041931
647 185.013580
648 221.034958
649 282.837402
650 215.348618
651 193.936722
652 183.114944
653 183.708618
654 198.330109
655 182.326889
656 258.203522
657 192.437927
658 181.113556
659 207.581833
660 192.676559
661 183.095245
662 188.095795
663 191.692886
664 286.013763
665 183.473801
666 180.725601
667 188.640320
668 182.361801
669 227.888855
670 185.460251
671 290.232941
672 185.966995
673 197.543686
674 184.795334
675 187.456955
676 184.978317
677 177.560120
678 293.335022
679 179.336761
680 288.279327
681 232.505219
682 273.995209
683 213.618866
684 273.391052
685 196.717163
686 186.418747
687 191.312012
688 284.854919
689 194.278336
690 185.315109
691 182.766739
692 177.806885
693 314.306396
694 208.880280
695 327.772156
696 179.838654
697 178.136749
698 183.441818
699 192.783813
