0 204.259949
1 184.614502
2 184.696854
3 195.345825
4 173.569916
5 186.830734
6 187.166153
7 190.668411
8 204.517776
9 182.878387
10 200.108856
11 201.916916
12 212.098969
13 190.088104
14 200.895813
15 222.532715
16 214.375046
17 217.008179
18 406.315002
19 433.434998
20 406.625000
21 407.473877
22 406.679993
23 181.021698
24 191.888245
25 191.654770
26 194.953720
27 183.115112
28 185.772781
29 184.736298
30 203.013443
31 183.855164
32 180.659485
33 182.710663
34 180.908371
35 190.317795
36 181.136749
37 199.746933
38 191.563599
39 191.790253
40 240.228729
41 231.642624
42 264.544678
43 191.621445
44 180.994827
45 184.682953
46 184.756271
47 181.210190
48 181.474350
49 246.024323
