0 416.480011
1 377.350006
2 374.420013
3 360.171814
4 331.203918
5 331.168304
6 331.101593
7 331.114990
8 331.088287
9 334.374420
10 334.476624
11 334.223145
12 335.552795
13 335.557251
14 336.317261
15 336.054993
16 335.561646
17 328.077240
18 301.999969
19 301.860504
20 301.996613
21 307.237061
22 277.032959
23 302.621155
24 302.377289
25 303.747742
26 303.917114
27 309.934265
28 302.022278
29 302.261047
30 301.986694
31 287.392395
32 275.433441
33 275.706757
34 275.463531
35 295.700409
36 213.532578
37 206.578979
38 204.107910
39 203.896698
40 188.760986
41 172.880783
42 183.591248
43 205.643387
44 203.258987
45 204.434525
46 212.670380
47 179.616806
48 179.272446
49 190.016434
